$ 17 0.000005 10.20027730826997 50 5 43
d 192 144 240 192 2 default
d 192 240 240 192 2 default
d 144 192 192 144 2 default
d 144 192 192 240 2 default
w 192 128 192 144 0
w 192 128 64 128 0
w 192 240 192 256 0
w 192 256 64 256 0
c 64 256 64 128 0 0.00001 0 0.001
w 64 128 -16 128 0
w 64 256 -16 256 0
w 144 192 128 192 0
w 128 192 128 288 0
w 128 288 384 288 0
w 240 192 304 192 0
l 304 192 384 192 0 1 0
d 384 192 512 192 2 default
c 512 288 512 192 0 0.00001 0 0.001
w 512 288 560 288 0
c 560 288 560 192 0 0.00001 0 0.001
w 560 192 512 192 0
w 560 192 624 192 0
w 560 288 624 288 0
w 384 288 512 288 0
f 320 240 384 240 32 1.5 0.02
w 384 224 384 192 0
w 384 256 384 288 0
w 320 240 320 336 0
w 320 336 320 352 0
t 208 320 240 320 0 1 0 0 100
t 208 384 240 384 0 -1 0 0 100
w 240 368 240 352 0
w 240 352 320 352 0
w 240 336 240 352 0
w 208 320 208 352 0
w 208 352 128 352 0
w 208 352 208 384 0
g 240 400 240 416 0 0
g 384 288 384 304 0 0
